1
3
4
6
9
10
11
12
13
14
17
20
23
25
26
28
30
32
33
36
38
39
40
41
42
44
48
51
56
61
64
66
67
68
69
74
82
85
89
90
92
97
99
100
107
108
109
119
120
123
124
125
126
128
137
138
139
141
142
143
145
152
153
155
158
160
168
170
172
188
189
194
195
196
197
198
200
203
204
208
212
213
218
219
228
229
233
234
236
238
239
242
243
244
245
247
248
249
250
251
252
253
257
258
259
263
264
266
267
268
269
273
274
275
276
277
283
285
288
289
295
298
299
303
304
306
307
312
313
316
317
318
319
321
324
325
326
329
330
331
332
340
341
346
347
348
349
350
351
352
354
355
357
358
359
361
364
366
370
371
373
375
376
377
379
383
385
386
387
389
390
392
394
396
397
398
399
402
406
409
410
412
413
414
416
417
418
421
422
424
427
428
434
442
454
455
457
458
463
469
470
477
479
480
486
488
489
494
495
499
503
507
508
509
510
513
516
517
520
522
536
541
562
564
566
567
587
590
591
592
598
617
623
624
645
647
659
672
677
678
680
681
686
689
694
695
697
699
705
707
723
727
728
730
741
749
757
770
779
786
817
822
825
826
828
830
835
845
846
847
848
849
850
851
853
855
859
865
868
873
881
885
886
887
888
889
890
891
893
897
899
906
912
913
918
920
930
931
932
936
938
939
940
942
943
944
945
946
949
951
952
961
965
968
971
972
975
978
979
982
985
996
997
1003
1004
1038
1041
1043
1049
1051
1052
1054
1055
1056
1059
1060
1061
1062
1063
1064
1065
1067
1068
1071
1072
1073
1074
1077
1080
1084
1085
1092
1093
1094
1095
1097
1101
1102
1104
1105
1106
1107
1108
1135
1137
1139
1141
1145
1148
1150
1176
