1
3
5
9
10
11
12
14
15
17
18
20
25
28
30
32
33
36
38
39
40
41
42
43
44
50
51
52
60
61
62
65
66
68
70
74
75
77
78
80
81
82
84
85
86
87
89
90
91
92
96
98
99
100
101
102
103
104
108
111
112
114
117
119
120
122
123
124
125
126
129
130
131
132
137
138
141
142
143
145
146
148
149
151
152
153
155
156
158
159
160
161
162
165
168
169
170
172
173
174
176
177
180
181
183
184
187
188
190
193
195
196
197
200
201
202
203
208
212
213
217
218
222
233
234
236
238
241
243
244
247
249
251
252
254
256
257
258
260
261
263
264
265
267
269
271
272
273
274
276
278
279
282
283
288
289
291
293
295
301
302
304
306
311
312
313
317
318
319
320
321
322
323
324
325
326
327
329
330
332
334
335
336
338
340
341
342
345
346
348
349
351
352
354
357
358
359
361
365
367
368
369
371
373
374
376
377
380
382
383
385
386
387
388
389
390
393
394
396
400
404
406
408
409
410
411
412
413
414
415
416
417
420
421
422
423
424
425
428
430
431
432
436
445
450
451
452
454
455
456
460
461
462
463
467
468
469
470
472
477
478
479
483
486
488
489
495
500
501
503
507
508
509
510
513
514
517
520
521
522
524
528
529
530
531
535
536
538
539
544
545
550
552
554
555
557
558
560
561
562
563
564
566
567
568
569
571
572
573
574
575
576
579
584
585
588
589
592
593
595
596
597
598
600
601
602
603
604
609
610
611
612
614
616
619
620
623
624
625
626
627
629
633
634
635
638
640
642
643
644
653
654
655
657
660
661
662
663
665
667
668
669
670
671
675
676
677
679
680
681
683
684
685
686
687
688
689
690
691
693
694
695
696
700
701
704
706
708
709
710
711
712
713
714
719
724
725
726
727
730
731
734
738
740
741
749
750
757
761
766
768
769
770
773
774
776
778
782
783
786
787
788
789
790
791
792
793
796
802
805
809
810
811
812
813
817
819
820
821
824
826
827
828
829
830
831
836
837
838
839
840
849
850
852
853
854
855
856
857
858
859
860
863
864
865
866
869
870
872
873
875
876
878
879
881
883
884
885
886
887
888
889
890
891
892
893
896
901
902
906
911
912
913
917
918
919
920
928
929
930
931
932
933
934
935
936
938
939
940
942
943
944
945
948
949
950
951
952
953
954
955
956
959
960
961
962
963
968
969
970
971
972
973
975
976
978
979
983
985
986
987
990
995
996
997
1002
1003
1004
1005
1011
1013
1014
1016
1017
1029
1030
1032
1033
1035
1038
1039
1040
1045
1049
1052
1053
1054
1055
1056
1057
1059
1060
1061
1062
1063
1065
1066
1068
1070
1072
1073
1074
1075
1083
1084
1085
1086
1087
1088
1091
1092
1093
1094
1095
1096
1097
1100
1101
1103
1104
1106
1107
1108
1109
1110
1111
1112
1113
1117
1120
1122
1131
1132
1133
1135
1137
1138
1139
1141
1142
1143
1144
1145
1146
1148
1150
1151
1152
1155
1156
1157
1158
1159
1160
1162
1163
1167
1168
1170
1171
1172
1173
1174
1175
1176
1177
1178
1181
1182
1183
