5
15
18
43
50
52
60
62
65
70
75
77
78
80
81
84
86
87
91
96
98
101
102
103
104
111
112
114
117
122
129
130
131
132
146
148
149
151
156
159
161
162
165
169
173
174
176
177
180
181
183
184
187
190
193
201
202
217
222
241
254
256
260
261
265
271
272
278
279
282
291
293
301
302
311
320
322
323
327
334
335
336
338
342
345
365
367
368
369
374
380
382
388
393
400
404
408
411
415
420
423
425
430
431
432
436
445
450
451
452
456
460
461
462
467
468
472
478
483
500
501
514
521
524
528
529
530
531
535
538
539
544
545
550
552
554
555
557
558
560
561
563
568
569
571
572
573
574
575
576
579
584
585
588
589
593
595
596
597
600
601
602
603
604
609
610
611
612
614
616
619
620
625
626
627
629
633
634
635
638
640
642
643
644
653
654
655
657
660
661
662
663
665
667
668
669
670
671
675
676
679
683
684
685
687
688
690
691
693
696
700
701
704
706
708
709
710
711
712
713
714
719
724
725
726
731
734
738
740
750
761
766
768
769
773
774
776
778
782
783
787
788
789
790
791
792
793
796
802
805
809
810
811
812
813
819
820
821
824
827
829
831
836
837
838
839
840
852
854
856
857
858
860
863
864
866
869
870
872
875
876
878
879
883
884
892
896
901
902
911
917
919
928
929
933
934
935
948
950
953
954
955
956
959
960
962
963
969
970
973
976
983
986
987
990
995
1002
1005
1011
1013
1014
1016
1017
1029
1030
1032
1033
1035
1039
1040
1045
1053
1057
1066
1070
1075
1083
1086
1087
1088
1091
1096
1100
1103
1109
1110
1111
1112
1113
1117
1120
1122
1131
1132
1133
1138
1142
1143
1144
1146
1151
1152
1155
1156
1157
1158
1159
1160
1162
1163
1167
1168
1170
1171
1172
1173
1174
1175
1177
1178
