2
5
7
8
15
16
18
19
21
22
24
27
29
31
34
35
37
43
45
46
47
49
50
52
53
54
55
57
58
59
60
62
63
65
70
71
72
73
75
76
77
78
79
80
81
83
84
86
87
88
91
93
94
95
96
98
101
102
103
104
105
106
110
111
112
113
114
115
116
117
118
121
122
127
129
130
131
132
133
134
135
136
140
144
146
147
148
149
150
151
154
156
157
159
161
162
163
164
165
166
167
169
171
173
174
175
176
177
178
179
180
181
182
183
184
185
186
187
190
191
192
193
199
201
202
205
206
207
209
210
211
214
215
216
217
220
221
222
223
224
225
226
227
230
231
232
235
237
240
241
246
254
255
256
260
261
262
265
270
271
272
278
279
280
281
282
284
286
287
290
291
292
293
294
296
297
300
301
302
305
308
309
310
311
314
315
320
322
323
327
328
333
334
335
336
337
338
339
342
343
344
345
353
356
360
362
363
365
367
368
369
372
374
378
380
381
382
384
388
391
393
395
400
401
403
404
405
407
408
411
415
419
420
423
425
426
429
430
431
432
433
435
436
437
438
439
440
441
443
444
445
446
447
448
449
450
451
452
453
456
459
460
461
462
464
